0.1 0.0960742512928
0.108080808081 -0.687582361497
0.116161616162 -0.759867248653
0.124242424242 -0.403821131246
0.132323232323 0.0298054557556
0.140404040404 0.304513611123
0.148484848485 0.354576290785
0.156565656566 0.246771169569
0.164646464646 0.0984130868178
0.172727272727 0.00162120222616
0.180808080808 -0.0105032843931
0.188888888889 0.0439321451006
0.19696969697 0.119874569079
0.205050505051 0.175932235275
0.213131313131 0.19059599579
0.221212121212 0.171563667933
0.229292929293 0.151024738195
0.237373737374 0.152215801682
0.245454545455 0.189825209279
0.253535353535 0.239948446487
0.261616161616 0.272512946211
0.269696969697 0.288520093965
0.277777777778 0.300632599709
0.285858585859 0.307228043467
0.293939393939 0.303877843768
0.30202020202 0.288358858553
0.310101010101 0.287303983753
0.318181818182 0.320513436407
0.326262626263 0.334266758375
0.334343434343 0.377671093189
0.342424242424 0.533810908787
0.350505050505 0.42238645014
0.358585858586 0.505584020805
0.366666666667 0.600767472792
0.374747474747 0.857351223202
0.382828282828 1.27898852536
0.390909090909 0.791611420066
0.39898989899 0.937260827053
0.407070707071 2.0040915404
0.415151515152 0.02135159826
0.423232323232 0.0079017763653
0.431313131313 0.00455801933944
0.439393939394 0.00222340280751
0.447474747475 0.0011145344758
0.455555555556 0.000943080536264
0.463636363636 0.000958638182811
0.471717171717 0.000590227845356
0.479797979798 -0.000257387482874
0.487878787879 -0.00112870022851
0.49595959596 -0.00141404084237
0.50404040404 -0.000724518539832
0.512121212121 0.000649159907637
0.520202020202 0.00179536380171
0.528282828283 0.00201790829924
0.536363636364 0.000941498819228
0.544444444444 -0.000942947854522
0.552525252525 -0.00251314070628
0.560606060606 -0.00264782128125
0.568686868687 -0.000963752457119
0.576767676768 0.00178660811484
0.584848484848 0.00398058015006
0.592929292929 0.00392105699064
0.60101010101 0.00109539044576
0.609090909091 -0.00335778537678
0.617171717172 -0.00680799384549
0.625252525253 -0.00640504026332
0.633333333333 -0.000855619614656
0.641414141414 0.0081671412098
0.649494949495 0.0158596694943
0.657575757576 0.0157482667409
0.665656565657 0.00229429080853
0.673737373737 -0.0267947345297
0.681818181818 -0.0708055685144
0.689898989899 0.469159808671
0.69797979798 6.08299070337
0.706060606061 6.24251002224
0.714141414141 4.78969226506
0.722222222222 11.6834350131
0.730303030303 8.05776413279
0.738383838384 3.91212799627
0.746464646465 2.51705937659
0.754545454545 2.45678950503
0.762626262626 4.01904160826
0.770707070707 3.4667710694
0.778787878788 4.89287533564
0.786868686869 4.2204891786
0.794949494949 1.4510446013
0.80303030303 2.46692295249
0.811111111111 2.17729598839
0.819191919192 4.45304667311
0.827272727273 4.20320633472
0.835353535354 2.3592675779
0.843434343434 1.40356207916
0.851515151515 1.66402915532
0.859595959596 1.5561669922
0.867676767677 1.59851734504
0.875757575758 1.68858715006
0.883838383838 1.85919572782
0.891919191919 2.87761235613
0.9 4.28328431193
